1000
9990
2915
6189
4912
7744
6406
4547
3492
2932
4263
9494
6917
2547
3206
2473
 748
2337
9539
5837
 516
8158
9824
2375
7869
 774
4858
4500
6661
7014
 473
3835
8548
1120
 806
5458
4710
3649
 781
5668
4158
8993
6387
5825
2009
6746
8249
6854
2225
5036
1538
5710
 164
2289
7889
4553
2372
3853
6503
5629
  48
6568
7036
 906
4674
8943
 843
7778
3498
4759
7475
1561
8715
2596
3770
7801
4821
4889
2293
6201
 755
7952
1974
9167
1302
 141
4053
7411
2674
 926
6451
 983
2278
7174
2603
3412
7778
7690
2361
6102
4004
6619
9743
4490
1956
6485
1909
8198
 753
 664
9697
6699
4283
 533
 696
 391
5730
8971
7508
9870
1902
6338
4327
2650
1441
5079
1086
 576
2219
7562
4649
4148
2636
8197
4410
1104
9807
2142
9020
8417
1653
5646
6694
6771
7423
3731
3040
6031
7232
8387
3781
4161
3250
8705
 778
5182
1448
7189
9342
1094
1797
4727
1858
1494
5019
5277
1243
4754
2725
2550
5414
7857
9657
3765
9691
3689
2088
7233
 901
9661
3273
5884
6881
1364
2741
9843
4709
1756
1587
7222
7795
2510
9303
9625
 861
7412
3223
4298
 187
 408
5071
6660
4124
7311
2277
1299
6969
5270
 255
2232
1664
9019
3299
4079
1615
7568
9231
1376
3279
 779
5899
4019
2580
2913
1435
4200
9554
6405
4073
6821
7522
6347
5731
7697
9205
4498
1777
7953
4216
9873
7802
3120
3736
1537
5975
 709
4040
4939
9944
2592
2977
2052
2102
9844
1706
 934
2184
6363
2392
8833
5306
1222
9703
5858
1963
2085
1274
4066
6869
7479
4527
6402
2371
4097
2086
4341
6414
5860
3780
6192
2168
2586
5779
7837
9901
1009
 588
4054
3910
2764
6552
7520
9408
9301
 595
8309
1085
 520
6434
 359
8250
4284
5639
2610
2736
9795
4402
5953
6174
1973
6170
 116
3255
 887
1916
1792
8216
4481
9283
1992
6270
1553
8537
4987
2549
2442
1469
9149
8787
2433
4582
7418
 294
7898
9927
1256
7739
1885
4931
1821
1569
2143
2882
7745
1693
9599
 949
  37
2416
9582
5255
6084
  54
5154
 340
5144
2880
7149
2702
8833
8052
8761
6637
5138
2130
7431
9943
3948
1819
2473
1714
2623
9822
1820
8533
4494
6035
5722
2389
5618
7083
 750
3375
2674
 583
6425
4976
4370
5000
7813
4845
3897
 231
6409
1777
4183
1031
2652
 113
7303
9480
3469
5510
 433
 141
1570
2379
 787
2127
8831
7845
2977
 483
 314
 387
1419
1545
5261
2022
3198
2727
1179
8627
4190
9510
3783
 199
6610
1788
5681
2267
6784
3593
2754
 872
1482
3717
1546
8315
3129
9722
6168
1644
9018
1166
2954
 444
 822
2229
 293
3774
1862
6324
1879
1112
7334
 136
 795
1433
5866
2872
 990
2877
2863
7096
4175
1679
7235
5424
5324
4878
3031
3101
4779
4675
7571
3062
2933
5106
4395
4753
3354
9087
1985
8039
8593
5075
7036
1957
6095
2191
3399
7509
3706
8592
7628
2988
8622
6228
7779
6581
3296
 780
3621
7678
7681
3314
6630
4850
7941
 572
8963
8535
3316
5074
 424
6568
8961
2397
 309
 421
4297
8512
2050
7066
5774
5164
8176
8173
7413
 446
8434
6028
3741
9372
3036
6167
3858
 496
3883
4425
5248
7683
4661
1357
7787
2638
2658
7055
7438
5133
1947
1040
4290
7461
1586
3198
2562
1288
4914
1316
8910
 214
3144
 749
2828
3110
5491
9647
9333
1877
3944
6133
7247
7455
4937
3837
 342
8172
2167
6628
3601
7212
  53
2159
 931
7126
8703
5707
3486
4764
1563
2215
7439
 740
3854
9712
9078
2931
5746
3725
3332
7979
8359
3533
1450
2775
3784
2190
8831
7395
1055
1631
2146
9969
6044
 488
6113
1082
9793
6376
1386
3570
2385
 735
1600
7183
1131
6637
 593
6107
1874
 683
9349
3735
5599
6633
 488
3939
8505
2695
7068
1516
8355
2088
2889
4917
4646
  36
2167
2233
5409
1741
1454
5856
7727
2340
 427
4032
2472
3389
6133
7317
2490
7328
6849
8948
1065
7425
2115
8652
6948
7234
7606
9999
2794
7240
 766
2672
3901
3179
5691
6204
8566
3714
4001
3342
5706
2559
5526
6798
7835
6582
6812
8650
9522
3300
6800
3368
7083
4349
9201
9258
 273
7750
  37
1635
5565
1077
8600
6793
6857
5126
2023
5179
 905
4495
1692
8997
7756
2518
8939
9250
1343
2049
1628
9601
5442
6607
1673
6075
2912
2293
6971
9972
2953
1787
4384
5168
6482
5736
3265
9944
5408
1147
8001
2365
2065
2732
5079
6588
1388
8947
1440
3411
6809
6535
1934
1539
1571
5321
9910
4406
 269
 897
5769
7955
   3
5257
7713
1439
5059
3642
7823
4966
4764
2116
6434
3691
7542
5218
4298
8364
1890
8636
 845
 634
9443
7070
1434
8775
1468
 346
1453
3953
2268
7946
1059
2238
6984
5832
 286
4008
 504
5361
4923
9339
5141
1735
4401
7180
8064
1799
 141
2909
5095
1211
 940
2222
6916
8832
1720
1958
7542
3722
7751
4099
6180
1510
6192
9262
5535
7856
6640
2994
6183
6215
2332
5182
2833
9310
4952
6345
8520
3236
5751
1750
5682
1894
1476
1577
3828
8980
9504
4680
9976
9249
6220
5253
4509
 574
4106
 107
 608
 202
2815
4006
5162
7971
2940
4792
 218
4208
5405
5722
 725
6738
9393
1056
6107
1511
6476
4816
1707
6657
1081
5172
7802
9095
8548
6078
3920
3339
5623
6028
9395
4572
8051
9212
4664
8844
4753
2337
7447
4165
3513
 870
6191
4263
8915
8866
9370
 949
8701
1853
3474
1921
3405
6307
5060
3797
9623
9031
8004
7219
6688
4617
3473
6575
3091
6267
4378
9036
8132
9392
7985
4212
9604
1141
 591
8685
5589
3397
4552
3928
2415
3624
  49
9579
5778
8364
1871
1185
8604
4823
4513
8848
2829
9179
2193
 812
5721
9387
8151
2426
1325
4941
3071
7751
1670
1377
6524
7626
7503
7505
1276
9768
5082
2088
8206
 887
2625
3496
1666
1924
6156
 727
3664
4073
 229
4890
2683
8553
4155
1045
1223
7646
2164
9841
5561
5477
